-1.197212557235263208e+00
1.669464682163372871e+01
2.984300351437326748e-01
8.993184342175228885e-01
8.418971340733978082e+01
1.134015571226426466e+01
7.197469585888359056e+00
-2.397750161017645765e-01
-8.867135803034197350e-01
-1.003124098028035505e+01
-6.608069810500512009e-01
-4.657649560067472772e-01
-1.085166729243995931e+00
-1.013723768133432124e+00
-1.325416596262210334e+01
-7.797260621065122965e-01
-1.925892224674972786e+00
-1.843604850920467886e+00
-1.515697317184800719e+00
-2.527197625914003432e+00
-2.210452066730030918e+00
-2.301728180102204480e+00
-2.084441634425520107e+00
-7.033187529168724028e-01
-6.651775416201245461e-01
-6.854359950482893926e-02
1.046808836527196807e+00
-1.171990186668215639e+00
2.480259351960214798e-01
-2.855343299172117355e+01
8.626141094346043703e-01
-8.125167551147221001e-01
-2.333549064926774275e+00
1.040610004696981949e+00
6.912239231817315921e-02
-2.272168261573415560e+00
-2.558071082776573579e+00
-2.470258902890409836e+00
-1.810211956434962577e+00
-6.046730988466938461e-01
-1.762410762124346775e+00
-6.060167755574873416e-01
1.587439334237084332e-01
-1.465887837019931084e+00
-1.257020512915235644e+00
-9.247663956712023348e-01
-1.403492946768037264e+00
-7.475500984988518560e+00
-1.047717991977491769e-01
5.286338000153205374e-02
-3.014392194659442636e-01
4.029262096994999653e-02
-7.332019790917450042e-01
-7.881220844679669435e-01
-1.110797308091831193e+00
-4.243532268385131756e-01
-1.332018751090472186e+00
-1.480651518822389878e+00
-6.066048894555404747e-01
3.333474877428049821e-01
-1.642894353915245631e+00
-9.140300862477810373e-01
-1.260448286614184621e+00
-1.391164214685736367e+00
-1.008792095790270071e+00
2.455695119595534548e-01
-6.458955705784299450e-01
-1.776176924894014020e+00
-2.953086610944665846e+00
-5.859323082695461204e-01
-2.874205797712996446e+00
-1.040990710872762737e+00
-1.541384052040177588e+00
-5.624053924838434693e-01
-3.794781397132469536e-01
-5.393197559108672268e-01
-1.978987877578143095e+00
-1.120664725166219622e+00
-1.037846311591678949e+00
-7.393338997932125345e+00
-2.354518824622165329e+00
-1.021749551458672078e+00
-7.649585386167661039e-01
-1.350452641560857536e+00
-1.022790295695654050e+00
-1.814529803002616626e-01
-2.363618779373018453e-01
-9.416741613408687872e-01
-5.951860518192699789e-01
-1.472520477845079334e+00
-1.523184859631231403e+00
-1.730230847591521126e+00
-1.223951384824634303e+01
-1.786257523042990458e+00
-5.880418971073174683e-01
-8.535555054685323162e-01
-9.510094460593628840e-01
-1.438174371311020661e+00
-1.081853522592215899e+00
-2.039238355276566939e+00
-8.985531041537582198e-01
-1.414373820865604481e+00
-1.483988191255753097e+00
-7.711149055931338925e-01
-2.042892977007869426e+00
-3.187342626036249738e-01
-1.187383186186425688e+00
-1.734802535639536103e+01
4.824714162561491437e-01
-1.380867343220043608e+01
-5.796093991712249149e+00
-4.940252517115841790e+00
